nvml:nvidia_geforce_gtx_970_0,rapl:ram,rapl:cores,rapl:pkg
50875,912,13308,17691
50849,811,4791,9178
50849,929,3669,7911
50875,952,3473,7600
50875,1033,3865,8169
50875,845,3233,7355
50875,991,3693,7978
50875,866,3096,7352
50875,947,3735,7844
50875,859,3121,7412
50875,995,3965,8240
50875,895,3307,7441
50875,1047,4391,8739
50875,843,3383,7544
50875,944,3787,7984
50875,854,3057,7333
50875,1023,4357,8607
50875,814,3305,7463
50875,935,3633,7784
50875,880,3100,7348
50875,963,3683,7856
50875,852,3181,7417
50875,987,3686,8016
50875,883,3242,7475
50875,971,3770,7934
50875,857,3193,7426
50875,968,3743,7891
50875,874,3214,7437
50875,976,3735,7924
50875,887,3366,7577
50875,1146,5026,9096
50875,827,4244,8720
50875,926,3425,7606
50875,977,3819,8061
50875,984,3709,7964
50875,883,3405,7553
50875,976,3616,7878
50875,866,3306,7457
50875,989,3601,7834
50875,878,3162,7328
50875,978,3530,7736
50875,901,3221,7553
50875,993,3634,7900
50875,870,3280,7443
50875,966,3681,7916
50875,866,3406,7592
50875,1168,6350,10706
50868,800,4177,8255
50868,928,3412,7622
50849,900,3319,7691
50849,962,3432,7659
50875,883,3392,7573
50875,961,3482,7699
50875,904,3445,7638
50875,948,3355,7539
50875,887,3355,7557
50875,967,3379,7604
50875,904,3378,7702
50875,953,3400,7628
50875,913,3415,7583
50875,968,3494,7756
50875,885,3304,7484
50875,958,3349,7575
50875,881,3326,7501
50875,952,3393,7632
50875,902,3285,7595
50875,959,3405,7655
50875,888,3334,7494
50875,949,3270,7515
50875,878,3228,7360
50875,955,3328,7617
50875,908,3428,7566
50875,952,3260,7519
50875,934,3449,7777
50875,948,3463,7701
50875,890,3299,7461
50875,974,3427,7667
50875,873,3279,7430
50875,963,3386,7658
50875,895,3259,7430
50875,1097,4609,8823
50875,895,13074,16987
50875,1021,39366,43717
50808,1037,24384,28263
50808,971,25507,29979
50782,921,25220,29856
50782,1070,24048,27818
50782,929,25396,29975
50782,986,25159,29647
50782,894,25215,29093
50782,951,25644,30127
50775,927,25937,29860
50775,957,25429,29901
50782,1020,24696,28547
50782,1099,23315,27912
50808,1063,20870,24814
50808,1036,23747,28292
50808,1059,19143,23803
50808,1320,20061,23928
50808,1045,22923,27423
50808,2032,48997,53540
50808,1109,21872,25971
50808,1152,22642,27239
50808,1468,19458,23634
50808,1145,15010,19338
50808,1053,21683,25693
50808,1109,40789,44637
50741,1117,50165,54984
50741,1078,22232,26465
50775,964,25012,29595
50775,1313,22712,27105
50808,1413,12481,16595
50808,956,21936,26436
50808,1022,26764,30634
50808,1071,25593,30122
50775,964,26512,30508
50775,1093,27670,32132
50775,1008,25920,29972
50775,994,25903,30328
50775,1044,26171,30220
50775,1030,25888,30305
50775,1045,25822,30589
50775,963,25912,29576
50775,1069,26101,30704
50775,1040,25982,30484
50775,956,26124,30141
50775,1065,25944,30356
50775,1003,26447,30355
50775,1011,26322,30897
50775,995,26044,29779
50775,1060,26676,31039
50775,1043,26440,31443
50775,1035,26442,30140
50775,1059,26597,31221
50775,977,26541,30355
50775,1050,26139,30780
50775,1055,26672,31165
50775,987,26240,30136
50775,1028,25886,30446
50775,1033,26105,30106
50775,1006,25833,30285
50775,1024,26168,30073
50775,1100,28020,32512
50775,1050,26360,31101
50775,1033,25886,29678
50775,965,27118,31237
50775,1058,26009,30333
50775,1112,27042,31891
50775,964,25120,29384
50775,1023,25848,30062
50775,1034,26449,30596
50808,1008,26184,30443
50808,1050,26051,30289
50782,970,26782,30879
50782,1058,25873,30154
50775,1010,27178,31441
50775,1029,25918,30109
50775,1025,26351,31274
50775,1047,25984,30132
50775,1061,26767,30995
50775,1035,25728,30000
50775,1055,26714,30922
50775,1001,25136,29386
50775,1080,26850,31031
50775,994,24787,29094
50775,1013,25761,29972
50775,1035,25973,30183
50775,1074,26897,31098
50775,1058,26134,31020
50775,1024,27053,30687
50775,1018,25066,29978
50775,1039,27184,31328
50775,1010,26202,30400
50775,1101,28473,32728
50775,1027,26713,30812
50775,1003,26654,30979
50775,989,25613,29811
50775,1049,27467,31572
50775,1023,27317,32253
50775,1052,26103,29747
50775,1024,25308,30107
50775,1020,27312,31566
50775,967,27100,31310
50775,1023,26754,30956
50775,1061,26548,30816
50775,1004,26755,30963
50775,1060,26963,31179
50775,963,26636,30707
50775,984,26833,31154
50775,1000,26995,31265
50775,1054,26843,31119
50775,1080,27045,31737
50775,1036,26639,30931
50775,950,26886,31189
50775,1049,26711,30968
50775,1017,26366,30572
50775,1039,26524,30740
50775,1080,27576,31828
50775,1064,26951,31153
50775,1017,26178,30394
50775,1049,26620,30856
50775,1065,27179,31402
50775,990,25236,29462
50775,1107,27781,32727
50775,968,25384,29464
50775,1058,27657,31919
50775,1056,26536,30780
50775,999,26687,30931
50775,1052,26177,30182
50775,1000,26562,30971
50775,995,26234,30311
50775,1147,33699,38146
50775,999,25565,29652
50808,1094,33372,37468
50808,1090,31818,36334
50782,1039,26882,31618
50782,1033,27434,31689
50808,1049,26894,31227
50808,1489,24284,28240
50782,967,26492,31047
50782,859,24783,28906
50775,943,26478,30751
50775,873,25404,29506
50775,988,26189,31083
50775,1106,25389,29603
50775,939,26084,30408
50775,851,25251,29371
50775,956,26622,30742
50775,856,24954,29200
50775,932,26207,30373
50775,857,25976,30168
50775,936,26349,30537
50775,1062,24064,28311
50775,985,28445,32670
50775,862,26129,30303
50775,936,26283,30504
50775,886,26363,31225
50775,931,26671,30826
50775,918,25450,29666
50775,1073,25654,29867
50775,908,24993,29122
50775,879,26006,30296
50775,853,26066,30060
50775,957,26142,30409
50775,918,25608,29839
50775,872,26801,30998
50775,1119,24765,29004
50775,879,25285,30189
50775,957,25882,30033
50775,870,27038,31190
50775,924,25749,30002
50775,873,26578,30748
50775,909,25492,29593
50775,1101,25760,30116
50775,856,24445,28556
50775,940,26060,30283
50775,858,25786,29978
50775,944,26059,30305
50775,861,25679,29783
50775,982,26197,31161
50775,1053,24777,28891
50775,1209,25623,29842
50775,1442,24853,29102
50808,1375,26504,30797
50808,1398,26085,30224
50808,1510,26759,31160
50808,1887,25304,30426
50808,896,25021,28739
50808,864,24887,29789
50782,1061,26502,30729
50782,863,25221,29460
50775,946,26662,30793
50775,855,25954,30016
50046,954,26579,30904
50046,857,24825,28978
48831,943,26629,30816
48831,1065,23938,28146
48589,940,26424,30709
48589,870,25831,30038
48346,941,26631,30802
48346,858,26041,30224
48346,966,26357,31249
48346,866,24865,29041
48346,1424,25557,29887
48346,858,24616,28753
48346,955,26935,31150
48346,977,28031,32212
48346,881,27059,31218
48346,930,25556,29736
48346,878,27136,31396
48346,1127,24457,28661
48346,892,25751,29946
48346,962,25795,30678
48378,893,27329,31522
48378,858,25365,29518
48371,939,26217,30399
48371,851,24959,29078
48346,1142,25597,29924
48346,862,24819,28929
48371,943,26427,30579
48371,862,25577,29853
48346,872,27278,31471
48346,926,25418,29549
48346,1257,26379,31317
48346,1410,25711,29929
48378,1378,27204,31488
48378,1381,26338,30633
48378,1835,26632,31110
48378,1392,24247,28690
48378,1009,26879,31086
48378,1050,26063,30384
48378,988,26670,30805
48378,1098,28315,32575
48378,1113,28785,33021
48378,1041,25452,30303
48378,1057,27783,31956
48378,1032,26555,30859
48378,1020,26564,30711
48378,1088,26304,30562
48378,1027,27033,31266
48378,1015,25035,29208
48378,1100,27293,31492
48378,966,25437,29720
48378,1049,26417,30550
48378,1022,26357,30692
48378,1040,27302,32128
48378,1098,25789,38055
35072,967,26809,38736
35072,1021,26135,37908
26578,1046,28050,39960
26578,952,25699,37476
23407,1241,31966,43939
23407,1058,26445,38340
21944,1011,27195,39864
21944,1073,26420,38361
21472,1021,27156,38983
21472,1061,26814,38616
21466,1055,30173,42027
21466,1055,26520,38438
21466,992,27033,38884
21466,1111,26689,38525
21222,1014,27173,39019
21222,1040,26629,38623
21213,1017,27471,39266
21213,1057,26423,38403
21222,1026,27006,38983
21222,1013,25471,37994
21222,1061,27745,39709
21222,1002,25523,37413
21213,1064,28569,40389
21213,989,25625,37469
21222,1054,28009,39925
21222,1018,25437,37805
21222,1036,28252,39606
21222,990,25630,37520
21213,1159,28346,40955
21213,1007,25283,37125
21213,1024,28180,40092
21213,1003,25844,37678
21213,1083,28557,40466
21213,997,25325,37221
21213,1060,28378,40224
21213,987,25711,37442
21213,1074,28123,40092
21213,1226,24479,36453
21222,931,26673,38561
21222,941,25640,38224
21213,840,26899,37973
21213,854,26140,38044
21213,1096,26722,39439
21213,848,24916,36591
21213,932,26952,38912
21213,854,25407,37189
21213,940,27728,39644
21213,1918,48870,60727
21213,878,25853,37914
21213,1062,24701,36472
21213,933,27521,39448
21213,928,26102,38797
21213,913,27621,39471
21213,909,25994,37755
21213,869,26689,38565
21213,847,26324,37961
21213,1138,26101,38102
21213,858,24414,36320
21213,879,25798,37638
21213,936,26353,38765
21213,851,26675,37929
21213,852,25855,37568
21213,933,26575,38500
21213,1068,24950,37739
21213,968,26271,38182
21213,851,25113,36896
21213,934,26972,38779
21213,866,25218,37134
21213,923,26611,38347
21213,844,25200,36684
21213,1144,26343,38564
21213,864,24776,36687
17573,877,27323,39109
17573,947,25900,38531
17573,880,26834,38728
17573,918,25693,37499
17573,876,25882,37686
17573,1112,25322,37129
17573,936,26429,38350
17573,853,25161,37017
17573,928,26530,38367
17573,862,25342,37230
17573,873,26417,38227
17573,937,25982,37832
17573,894,26396,38191
17573,1092,25470,38296
17573,914,26179,38035
17573,918,25725,37525
17573,868,25940,37745
17573,1035,25756,37561
17573,1436,24689,36638
17573,1406,26406,37979
17329,1410,27432,39688
17329,1362,26482,38421
17329,1421,28449,40391
17329,1923,25187,38041
17329,1551,24332,35916
17329,968,18660,31279
17329,1145,24624,36525
23180,1359,22823,27704
32896,1323,24278,28487
32896,1385,23865,28242
42837,1421,24253,28603
42837,1416,23425,27643
46707,1406,23574,27943
46707,1406,23294,28161
48410,1334,24755,29140
48410,1333,22952,26765
48896,1440,23881,28263
48896,1432,23786,28273
48871,1358,23751,28618
48871,1469,22573,26874
49114,1390,24994,29289
49114,1470,22708,27157
49139,1449,21656,25877
49139,1388,22463,26886
49139,1368,24043,28309
49139,1419,23892,28315
49114,1400,24651,29010
49114,1376,22172,26550
49114,1469,23661,28476
49114,1361,23439,27859
49114,1530,25886,30247
49114,1371,22560,26938
49107,1471,31180,35465
49107,1384,22177,26585
49139,1478,25675,30276
49139,1283,22944,27048
49139,1309,23424,27669
49139,1412,24929,29288
49114,1371,24022,28777
49114,1326,23546,27556
49139,1633,22106,27086
49139,1053,21555,25901
77771,926,23056,27215
77771,996,24470,28671
103285,937,22956,27162
103285,972,23512,27714
119698,922,22734,26906
119698,972,22892,27103
145200,930,23147,27322
145200,1005,22558,26731
161003,970,22680,27204
161003,1034,22497,27081
166402,947,23114,27371
166402,956,22791,26929
165684,919,22537,26540
165684,1017,22869,27247
164039,997,24069,28009
164039,964,21504,26008
164039,959,23153,27688
164039,969,24872,28730
164997,920,22478,26405
164997,1014,23377,27902
164726,1083,26690,31322
164726,981,21801,26241
164039,934,22875,26920
164039,975,23086,27385
164278,977,23824,27947
164278,919,21723,25948
164518,1035,23222,27256
164518,1016,23171,27493
163081,1006,22883,26993
163081,948,21538,26000
164278,1006,23228,27947
164278,923,21815,26119
164757,1012,23237,27348
164757,945,22780,26627
163769,1028,23105,27574
163769,944,21929,26300
164518,904,21759,25933
164518,987,23076,27335
165684,948,21806,25981
165684,1009,23571,27756
163591,959,21824,26167
163591,957,22154,26665
163800,989,24229,28752
163800,917,21965,26092
166083,991,22687,26920
166083,1004,22980,27170
165442,966,22209,26423
165442,997,22866,27106
161927,975,22119,26352
161927,927,22040,26230
156314,953,22749,26922
156314,975,22834,27067
154396,1019,23014,27825
154396,1049,23430,27642
152100,962,22012,26216
152100,996,23212,27385
155595,911,21767,25787
155595,986,22699,27133
158606,906,21794,26006
158606,1017,22683,27170
159324,1017,24703,28600
159324,976,22227,26915
157438,992,22599,26380
157438,943,21717,25946
158606,990,22227,27080
158606,970,22940,27116
158637,902,21715,25921
158637,1016,23027,27215
157679,924,22127,26299
157679,1043,23197,27461
162440,932,21096,25240
162440,978,23037,27282
164966,910,21040,25257
164966,1032,23532,28209
165157,950,21659,25996
165157,953,21958,25845
164726,1010,22515,26920
164726,949,21930,26251
165715,903,21330,25520
165715,976,22977,27179
166641,943,21425,25605
166641,1008,23095,27218
165236,959,21088,25449
165236,961,21624,26135
165043,927,21906,25803
165043,1046,21596,26339
159355,990,22329,26625
159355,931,21951,26139
158082,950,22252,26423
158082,920,21635,25828
158636,1001,22249,26482
158636,959,22035,26182
157859,1018,22301,26554
157859,1013,23276,27521
158473,973,22460,26656
158473,954,21784,26517
159326,979,24219,28531
159326,946,21832,25941
158877,1013,22480,26762
158877,953,22079,25856
161675,1018,22087,26695
161675,954,21301,25569
164757,913,21584,25776
164997,1012,23051,27387
164997,960,21069,25073
165397,982,22461,26710
165397,996,21591,25872
166323,956,22371,26574
166323,989,22144,26971
166162,960,22634,26819
166162,964,21991,26149
161482,1002,22692,27223
161482,1015,22022,26311
158877,964,22607,26258
158877,983,22382,26710
159356,949,22859,26945
159356,992,22554,27012
157993,969,22345,26531
157993,1040,22135,26963
158714,993,22762,27157
158714,989,22699,26739
158877,949,22674,26553
158877,980,22475,27002
163560,929,22577,26515
163560,979,22187,26578
164039,1010,22201,27026
164039,1017,22042,26200
165444,942,22878,26545
165444,1007,21908,26881
162332,926,22125,26083
162332,971,21941,26388
159325,940,22579,26475
159325,1009,21981,26530
158397,1024,22719,27244
158397,967,21866,25759
158846,985,22274,26938
158846,935,22504,26239
159641,973,22473,27071
159641,967,22013,26448
157199,971,22280,26260
157199,1004,21792,26189
158637,989,22086,26053
158637,992,21742,26202
164278,936,21691,25612
164278,971,21793,26352
165923,980,21679,26189
165923,990,22144,25981
165604,988,22195,26583
165604,1004,22250,26393
165922,980,22044,26587
165922,994,22168,26647
161644,931,21539,25495
161644,987,21636,25930
158321,978,22595,26740
158321,994,21667,25841
158847,984,21724,25891
158847,998,21848,26190
158801,981,22053,26887
158801,936,22094,25766
162363,964,21719,26351
162363,1015,22254,26676
164517,954,22105,25879
164517,1015,21817,26464
165954,936,22280,26103
165954,972,21898,26544
165954,929,22406,26317
165954,996,21908,26363
160554,1005,21898,26601
160554,1026,23106,27275
159432,984,22629,26930
159432,941,21814,25596
151651,993,22409,26925
151651,1070,23051,27654
140320,975,22865,26704
140320,1067,23429,27970
135123,1026,23374,27444
135123,1027,22414,26868
136325,992,22567,27115
136325,2034,50156,53708
133466,1103,23734,28955
133466,1020,23692,27452
136565,1014,23646,28344
136565,1088,23545,27989
139092,955,23166,27057
139092,1047,23622,28176
136715,998,23077,27098
136715,1023,23230,27640
135603,1013,23339,27450
135603,1020,23383,27612
138397,1021,23351,28107
138397,1017,23506,27217
135806,1036,23059,27802
135806,995,23493,27233
134909,1055,23719,28393
134909,1018,23431,27939
135149,998,23455,27275
135149,1028,23425,27937
136084,988,23601,27549
136084,1084,23206,27793
136084,1000,22894,27330
136084,1020,23073,27075
135123,1053,23178,27884
135123,985,23388,27152
135363,1041,23479,28102
0.8445, '', '', ''
135363,1190,22535,26933
107492,1773,11643,15802
107492,1756,9956,14532
83400,1782,9709,14297
83400,1629,10961,15148
74029,1286,11662,16215
74029,1057,19036,22849
71081,1092,21992,26625
71081,813,8164,12471
71324,856,4025,8143
71324,928,3503,7786
70643,863,3601,7732
70643,933,3664,7916
70157,899,3583,7880
70157,899,3627,7711
69915,891,3583,7855
69915,931,3646,7895
69915,870,3589,7722
69915,934,3619,7860
69915,870,3592,7696
69915,933,3578,7875
69915,892,3507,7759
69915,907,4052,8162
69915,888,3594,7926
69915,903,3645,7784
69915,870,3632,7845
69915,919,3777,7938
69672,868,3572,7776
69672,910,3659,7821
69672,910,3713,8071
69672,849,4134,8216
69672,893,3501,7786
69672,903,3495,7595
69672,905,3557,7867
69672,903,3710,7926
69672,848,3520,7607
69672,933,3635,7897
69429,877,3631,7795
69429,929,3758,7998
69429,885,3616,7914
69429,914,3739,7955
69429,880,3454,7643
69429,909,3651,7911
69429,894,3631,7770
69429,977,4339,8600
69429,809,3732,7816
69429,1013,5384,9661
69429,805,5264,9470
69429,912,3540,7807
69463,977,3887,8132
69463,898,4072,8193
69463,902,3440,7775
69463,921,3589,7791
69463,870,3481,7619
69463,930,3542,7788
69463,869,3434,7596
69463,948,3623,7839
69463,876,3411,7563
69463,939,3554,7785
69463,899,3492,7779
69463,927,3519,7757
69463,871,3482,7594
69463,935,3480,7750
69463,875,3444,7597
69463,917,3476,7633
69220,874,3394,7601
69220,931,3464,7689
69463,899,3407,7707
69463,927,3491,7717
69463,860,3414,7461
69463,960,3619,7977
69463,867,3521,7666
69463,969,3686,7932
69463,874,3501,7636
69463,960,3700,7968
69463,901,3518,7820
69463,943,3584,7795
69463,869,3382,7412
69463,967,3517,7864
69220,876,3407,7508
69220,945,3631,7907
69220,898,3364,7638
69220,921,3570,7663
69220,902,3377,7644
69220,954,3680,7920
69220,929,3881,8093
69220,936,3753,7932
